{
 "cells": [
  {
   "cell_type": "code",
   "execution_count": 7,
   "metadata": {},
   "outputs": [],
   "source": [
    "import pandas as pd\n",
    "import numpy as np\n",
    "from io import StringIO"
   ]
  },
  {
   "cell_type": "code",
   "execution_count": 8,
   "metadata": {},
   "outputs": [
    {
     "data": {
      "text/html": [
       "<div>\n",
       "<style scoped>\n",
       "    .dataframe tbody tr th:only-of-type {\n",
       "        vertical-align: middle;\n",
       "    }\n",
       "\n",
       "    .dataframe tbody tr th {\n",
       "        vertical-align: top;\n",
       "    }\n",
       "\n",
       "    .dataframe thead th {\n",
       "        text-align: right;\n",
       "    }\n",
       "</style>\n",
       "<table border=\"1\" class=\"dataframe\">\n",
       "  <thead>\n",
       "    <tr style=\"text-align: right;\">\n",
       "      <th></th>\n",
       "      <th>Symbol</th>\n",
       "      <th>Price</th>\n",
       "      <th>M1</th>\n",
       "      <th>M2</th>\n",
       "      <th>Volume</th>\n",
       "      <th>TimeStamp</th>\n",
       "    </tr>\n",
       "  </thead>\n",
       "  <tbody>\n",
       "    <tr>\n",
       "      <th>0</th>\n",
       "      <td>TBET</td>\n",
       "      <td>2.1900</td>\n",
       "      <td>3</td>\n",
       "      <td>8.05</td>\n",
       "      <td>1124179</td>\n",
       "      <td>9:59:14 AM</td>\n",
       "    </tr>\n",
       "    <tr>\n",
       "      <th>1</th>\n",
       "      <td>FUEL</td>\n",
       "      <td>3.9490</td>\n",
       "      <td>9</td>\n",
       "      <td>1.15</td>\n",
       "      <td>109674</td>\n",
       "      <td>9:59:11 AM</td>\n",
       "    </tr>\n",
       "    <tr>\n",
       "      <th>2</th>\n",
       "      <td>SUNH</td>\n",
       "      <td>4.3700</td>\n",
       "      <td>6</td>\n",
       "      <td>0.09</td>\n",
       "      <td>24394</td>\n",
       "      <td>9:59:09 AM</td>\n",
       "    </tr>\n",
       "    <tr>\n",
       "      <th>3</th>\n",
       "      <td>FUEL</td>\n",
       "      <td>3.9099</td>\n",
       "      <td>8</td>\n",
       "      <td>1.11</td>\n",
       "      <td>105265</td>\n",
       "      <td>9:59:09 AM</td>\n",
       "    </tr>\n",
       "    <tr>\n",
       "      <th>4</th>\n",
       "      <td>TBET</td>\n",
       "      <td>2.1800</td>\n",
       "      <td>2</td>\n",
       "      <td>8.03</td>\n",
       "      <td>1121629</td>\n",
       "      <td>9:59:05 AM</td>\n",
       "    </tr>\n",
       "    <tr>\n",
       "      <th>5</th>\n",
       "      <td>ORBC</td>\n",
       "      <td>3.4000</td>\n",
       "      <td>2</td>\n",
       "      <td>0.22</td>\n",
       "      <td>10509</td>\n",
       "      <td>9:59:02 AM</td>\n",
       "    </tr>\n",
       "    <tr>\n",
       "      <th>6</th>\n",
       "      <td>FUEL</td>\n",
       "      <td>3.8599</td>\n",
       "      <td>7</td>\n",
       "      <td>1.07</td>\n",
       "      <td>102116</td>\n",
       "      <td>9:58:47 AM</td>\n",
       "    </tr>\n",
       "    <tr>\n",
       "      <th>7</th>\n",
       "      <td>FUEL</td>\n",
       "      <td>3.8544</td>\n",
       "      <td>6</td>\n",
       "      <td>1.05</td>\n",
       "      <td>100116</td>\n",
       "      <td>9:58:40 AM</td>\n",
       "    </tr>\n",
       "    <tr>\n",
       "      <th>8</th>\n",
       "      <td>GBR</td>\n",
       "      <td>3.8300</td>\n",
       "      <td>4</td>\n",
       "      <td>0.46</td>\n",
       "      <td>64251</td>\n",
       "      <td>9:58:24 AM</td>\n",
       "    </tr>\n",
       "    <tr>\n",
       "      <th>9</th>\n",
       "      <td>GBR</td>\n",
       "      <td>3.8000</td>\n",
       "      <td>3</td>\n",
       "      <td>0.45</td>\n",
       "      <td>63211</td>\n",
       "      <td>9:58:20 AM</td>\n",
       "    </tr>\n",
       "    <tr>\n",
       "      <th>10</th>\n",
       "      <td>XRA</td>\n",
       "      <td>3.6167</td>\n",
       "      <td>3</td>\n",
       "      <td>0.12</td>\n",
       "      <td>42310</td>\n",
       "      <td>9:58:08 AM</td>\n",
       "    </tr>\n",
       "    <tr>\n",
       "      <th>11</th>\n",
       "      <td>GBR</td>\n",
       "      <td>3.7500</td>\n",
       "      <td>2</td>\n",
       "      <td>0.34</td>\n",
       "      <td>47521</td>\n",
       "      <td>9:57:52 AM</td>\n",
       "    </tr>\n",
       "    <tr>\n",
       "      <th>12</th>\n",
       "      <td>MPET</td>\n",
       "      <td>1.4200</td>\n",
       "      <td>3</td>\n",
       "      <td>0.26</td>\n",
       "      <td>44600</td>\n",
       "      <td>9:57:52 AM</td>\n",
       "    </tr>\n",
       "  </tbody>\n",
       "</table>\n",
       "</div>"
      ],
      "text/plain": [
       "   Symbol   Price  M1    M2   Volume   TimeStamp\n",
       "0    TBET  2.1900   3  8.05  1124179  9:59:14 AM\n",
       "1    FUEL  3.9490   9  1.15   109674  9:59:11 AM\n",
       "2    SUNH  4.3700   6  0.09    24394  9:59:09 AM\n",
       "3    FUEL  3.9099   8  1.11   105265  9:59:09 AM\n",
       "4    TBET  2.1800   2  8.03  1121629  9:59:05 AM\n",
       "5    ORBC  3.4000   2  0.22    10509  9:59:02 AM\n",
       "6    FUEL  3.8599   7  1.07   102116  9:58:47 AM\n",
       "7    FUEL  3.8544   6  1.05   100116  9:58:40 AM\n",
       "8     GBR  3.8300   4  0.46    64251  9:58:24 AM\n",
       "9     GBR  3.8000   3  0.45    63211  9:58:20 AM\n",
       "10    XRA  3.6167   3  0.12    42310  9:58:08 AM\n",
       "11    GBR  3.7500   2  0.34    47521  9:57:52 AM\n",
       "12   MPET  1.4200   3  0.26    44600  9:57:52 AM"
      ]
     },
     "execution_count": 8,
     "metadata": {},
     "output_type": "execute_result"
    }
   ],
   "source": [
    "data_string = '''\n",
    "Symbol,Price,M1,M2,Volume,TimeStamp\n",
    "TBET,2.19,3,8.05,1124179,9:59:14 AM\n",
    "FUEL,3.949,9,1.15,109674,9:59:11 AM\n",
    "SUNH,4.37,6,0.09,24394,9:59:09 AM\n",
    "FUEL,3.9099,8,1.11,105265,9:59:09 AM\n",
    "TBET,2.18,2,8.03,1121629,9:59:05 AM\n",
    "ORBC,3.4,2,0.22,10509,9:59:02 AM\n",
    "FUEL,3.8599,7,1.07,102116,9:58:47 AM\n",
    "FUEL,3.8544,6,1.05,100116,9:58:40 AM\n",
    "GBR,3.83,4,0.46,64251,9:58:24 AM\n",
    "GBR,3.8,3,0.45,63211,9:58:20 AM\n",
    "XRA,3.6167,3,0.12,42310,9:58:08 AM\n",
    "GBR,3.75,2,0.34,47521,9:57:52 AM\n",
    "MPET,1.42,3,0.26,44600,9:57:52 AM\n",
    "'''\n",
    "data = StringIO(data_string)\n",
    "df = pd.read_csv(data, sep=\",\")\n",
    "df"
   ]
  },
  {
   "cell_type": "code",
   "execution_count": 14,
   "metadata": {},
   "outputs": [
    {
     "data": {
      "text/html": [
       "<div>\n",
       "<style scoped>\n",
       "    .dataframe tbody tr th:only-of-type {\n",
       "        vertical-align: middle;\n",
       "    }\n",
       "\n",
       "    .dataframe tbody tr th {\n",
       "        vertical-align: top;\n",
       "    }\n",
       "\n",
       "    .dataframe thead th {\n",
       "        text-align: right;\n",
       "    }\n",
       "</style>\n",
       "<table border=\"1\" class=\"dataframe\">\n",
       "  <thead>\n",
       "    <tr style=\"text-align: right;\">\n",
       "      <th></th>\n",
       "      <th></th>\n",
       "      <th>Price</th>\n",
       "      <th>M1</th>\n",
       "      <th>M2</th>\n",
       "      <th>Volume</th>\n",
       "    </tr>\n",
       "    <tr>\n",
       "      <th>Symbol</th>\n",
       "      <th>TimeStamp</th>\n",
       "      <th></th>\n",
       "      <th></th>\n",
       "      <th></th>\n",
       "      <th></th>\n",
       "    </tr>\n",
       "  </thead>\n",
       "  <tbody>\n",
       "    <tr>\n",
       "      <th rowspan=\"4\" valign=\"top\">FUEL</th>\n",
       "      <th>9:58:40 AM</th>\n",
       "      <td>3.8544</td>\n",
       "      <td>6.0</td>\n",
       "      <td>1.05</td>\n",
       "      <td>100116.0</td>\n",
       "    </tr>\n",
       "    <tr>\n",
       "      <th>9:58:47 AM</th>\n",
       "      <td>3.8599</td>\n",
       "      <td>7.0</td>\n",
       "      <td>1.07</td>\n",
       "      <td>102116.0</td>\n",
       "    </tr>\n",
       "    <tr>\n",
       "      <th>9:59:09 AM</th>\n",
       "      <td>3.9099</td>\n",
       "      <td>8.0</td>\n",
       "      <td>1.11</td>\n",
       "      <td>105265.0</td>\n",
       "    </tr>\n",
       "    <tr>\n",
       "      <th>9:59:11 AM</th>\n",
       "      <td>3.9490</td>\n",
       "      <td>9.0</td>\n",
       "      <td>1.15</td>\n",
       "      <td>109674.0</td>\n",
       "    </tr>\n",
       "    <tr>\n",
       "      <th rowspan=\"3\" valign=\"top\">GBR</th>\n",
       "      <th>9:57:52 AM</th>\n",
       "      <td>3.7500</td>\n",
       "      <td>2.0</td>\n",
       "      <td>0.34</td>\n",
       "      <td>47521.0</td>\n",
       "    </tr>\n",
       "    <tr>\n",
       "      <th>9:58:20 AM</th>\n",
       "      <td>3.8000</td>\n",
       "      <td>3.0</td>\n",
       "      <td>0.45</td>\n",
       "      <td>63211.0</td>\n",
       "    </tr>\n",
       "    <tr>\n",
       "      <th>9:58:24 AM</th>\n",
       "      <td>3.8300</td>\n",
       "      <td>4.0</td>\n",
       "      <td>0.46</td>\n",
       "      <td>64251.0</td>\n",
       "    </tr>\n",
       "    <tr>\n",
       "      <th>MPET</th>\n",
       "      <th>9:57:52 AM</th>\n",
       "      <td>1.4200</td>\n",
       "      <td>3.0</td>\n",
       "      <td>0.26</td>\n",
       "      <td>44600.0</td>\n",
       "    </tr>\n",
       "    <tr>\n",
       "      <th>ORBC</th>\n",
       "      <th>9:59:02 AM</th>\n",
       "      <td>3.4000</td>\n",
       "      <td>2.0</td>\n",
       "      <td>0.22</td>\n",
       "      <td>10509.0</td>\n",
       "    </tr>\n",
       "    <tr>\n",
       "      <th>SUNH</th>\n",
       "      <th>9:59:09 AM</th>\n",
       "      <td>4.3700</td>\n",
       "      <td>6.0</td>\n",
       "      <td>0.09</td>\n",
       "      <td>24394.0</td>\n",
       "    </tr>\n",
       "    <tr>\n",
       "      <th rowspan=\"2\" valign=\"top\">TBET</th>\n",
       "      <th>9:59:05 AM</th>\n",
       "      <td>2.1800</td>\n",
       "      <td>2.0</td>\n",
       "      <td>8.03</td>\n",
       "      <td>1121629.0</td>\n",
       "    </tr>\n",
       "    <tr>\n",
       "      <th>9:59:14 AM</th>\n",
       "      <td>2.1900</td>\n",
       "      <td>3.0</td>\n",
       "      <td>8.05</td>\n",
       "      <td>1124179.0</td>\n",
       "    </tr>\n",
       "    <tr>\n",
       "      <th>XRA</th>\n",
       "      <th>9:58:08 AM</th>\n",
       "      <td>3.6167</td>\n",
       "      <td>3.0</td>\n",
       "      <td>0.12</td>\n",
       "      <td>42310.0</td>\n",
       "    </tr>\n",
       "  </tbody>\n",
       "</table>\n",
       "</div>"
      ],
      "text/plain": [
       "                    Price   M1    M2     Volume\n",
       "Symbol TimeStamp                               \n",
       "FUEL   9:58:40 AM  3.8544  6.0  1.05   100116.0\n",
       "       9:58:47 AM  3.8599  7.0  1.07   102116.0\n",
       "       9:59:09 AM  3.9099  8.0  1.11   105265.0\n",
       "       9:59:11 AM  3.9490  9.0  1.15   109674.0\n",
       "GBR    9:57:52 AM  3.7500  2.0  0.34    47521.0\n",
       "       9:58:20 AM  3.8000  3.0  0.45    63211.0\n",
       "       9:58:24 AM  3.8300  4.0  0.46    64251.0\n",
       "MPET   9:57:52 AM  1.4200  3.0  0.26    44600.0\n",
       "ORBC   9:59:02 AM  3.4000  2.0  0.22    10509.0\n",
       "SUNH   9:59:09 AM  4.3700  6.0  0.09    24394.0\n",
       "TBET   9:59:05 AM  2.1800  2.0  8.03  1121629.0\n",
       "       9:59:14 AM  2.1900  3.0  8.05  1124179.0\n",
       "XRA    9:58:08 AM  3.6167  3.0  0.12    42310.0"
      ]
     },
     "execution_count": 14,
     "metadata": {},
     "output_type": "execute_result"
    }
   ],
   "source": [
    "#option 1\n",
    "df.pivot('Symbol', 'TimeStamp').stack()"
   ]
  },
  {
   "cell_type": "code",
   "execution_count": 21,
   "metadata": {},
   "outputs": [
    {
     "data": {
      "text/html": [
       "<div>\n",
       "<style scoped>\n",
       "    .dataframe tbody tr th:only-of-type {\n",
       "        vertical-align: middle;\n",
       "    }\n",
       "\n",
       "    .dataframe tbody tr th {\n",
       "        vertical-align: top;\n",
       "    }\n",
       "\n",
       "    .dataframe thead th {\n",
       "        text-align: right;\n",
       "    }\n",
       "</style>\n",
       "<table border=\"1\" class=\"dataframe\">\n",
       "  <thead>\n",
       "    <tr style=\"text-align: right;\">\n",
       "      <th></th>\n",
       "      <th></th>\n",
       "      <th>Price</th>\n",
       "      <th>M1</th>\n",
       "      <th>M2</th>\n",
       "      <th>Volume</th>\n",
       "    </tr>\n",
       "    <tr>\n",
       "      <th>Symbol</th>\n",
       "      <th>TimeStamp</th>\n",
       "      <th></th>\n",
       "      <th></th>\n",
       "      <th></th>\n",
       "      <th></th>\n",
       "    </tr>\n",
       "  </thead>\n",
       "  <tbody>\n",
       "    <tr>\n",
       "      <th rowspan=\"4\" valign=\"top\">FUEL</th>\n",
       "      <th>9:58:40 AM</th>\n",
       "      <td>3.8544</td>\n",
       "      <td>6</td>\n",
       "      <td>1.05</td>\n",
       "      <td>100116</td>\n",
       "    </tr>\n",
       "    <tr>\n",
       "      <th>9:58:47 AM</th>\n",
       "      <td>3.8599</td>\n",
       "      <td>7</td>\n",
       "      <td>1.07</td>\n",
       "      <td>102116</td>\n",
       "    </tr>\n",
       "    <tr>\n",
       "      <th>9:59:09 AM</th>\n",
       "      <td>3.9099</td>\n",
       "      <td>8</td>\n",
       "      <td>1.11</td>\n",
       "      <td>105265</td>\n",
       "    </tr>\n",
       "    <tr>\n",
       "      <th>9:59:11 AM</th>\n",
       "      <td>3.9490</td>\n",
       "      <td>9</td>\n",
       "      <td>1.15</td>\n",
       "      <td>109674</td>\n",
       "    </tr>\n",
       "    <tr>\n",
       "      <th rowspan=\"3\" valign=\"top\">GBR</th>\n",
       "      <th>9:57:52 AM</th>\n",
       "      <td>3.7500</td>\n",
       "      <td>2</td>\n",
       "      <td>0.34</td>\n",
       "      <td>47521</td>\n",
       "    </tr>\n",
       "    <tr>\n",
       "      <th>9:58:20 AM</th>\n",
       "      <td>3.8000</td>\n",
       "      <td>3</td>\n",
       "      <td>0.45</td>\n",
       "      <td>63211</td>\n",
       "    </tr>\n",
       "    <tr>\n",
       "      <th>9:58:24 AM</th>\n",
       "      <td>3.8300</td>\n",
       "      <td>4</td>\n",
       "      <td>0.46</td>\n",
       "      <td>64251</td>\n",
       "    </tr>\n",
       "    <tr>\n",
       "      <th>MPET</th>\n",
       "      <th>9:57:52 AM</th>\n",
       "      <td>1.4200</td>\n",
       "      <td>3</td>\n",
       "      <td>0.26</td>\n",
       "      <td>44600</td>\n",
       "    </tr>\n",
       "    <tr>\n",
       "      <th>ORBC</th>\n",
       "      <th>9:59:02 AM</th>\n",
       "      <td>3.4000</td>\n",
       "      <td>2</td>\n",
       "      <td>0.22</td>\n",
       "      <td>10509</td>\n",
       "    </tr>\n",
       "    <tr>\n",
       "      <th>SUNH</th>\n",
       "      <th>9:59:09 AM</th>\n",
       "      <td>4.3700</td>\n",
       "      <td>6</td>\n",
       "      <td>0.09</td>\n",
       "      <td>24394</td>\n",
       "    </tr>\n",
       "    <tr>\n",
       "      <th rowspan=\"2\" valign=\"top\">TBET</th>\n",
       "      <th>9:59:05 AM</th>\n",
       "      <td>2.1800</td>\n",
       "      <td>2</td>\n",
       "      <td>8.03</td>\n",
       "      <td>1121629</td>\n",
       "    </tr>\n",
       "    <tr>\n",
       "      <th>9:59:14 AM</th>\n",
       "      <td>2.1900</td>\n",
       "      <td>3</td>\n",
       "      <td>8.05</td>\n",
       "      <td>1124179</td>\n",
       "    </tr>\n",
       "    <tr>\n",
       "      <th>XRA</th>\n",
       "      <th>9:58:08 AM</th>\n",
       "      <td>3.6167</td>\n",
       "      <td>3</td>\n",
       "      <td>0.12</td>\n",
       "      <td>42310</td>\n",
       "    </tr>\n",
       "  </tbody>\n",
       "</table>\n",
       "</div>"
      ],
      "text/plain": [
       "                    Price  M1    M2   Volume\n",
       "Symbol TimeStamp                            \n",
       "FUEL   9:58:40 AM  3.8544   6  1.05   100116\n",
       "       9:58:47 AM  3.8599   7  1.07   102116\n",
       "       9:59:09 AM  3.9099   8  1.11   105265\n",
       "       9:59:11 AM  3.9490   9  1.15   109674\n",
       "GBR    9:57:52 AM  3.7500   2  0.34    47521\n",
       "       9:58:20 AM  3.8000   3  0.45    63211\n",
       "       9:58:24 AM  3.8300   4  0.46    64251\n",
       "MPET   9:57:52 AM  1.4200   3  0.26    44600\n",
       "ORBC   9:59:02 AM  3.4000   2  0.22    10509\n",
       "SUNH   9:59:09 AM  4.3700   6  0.09    24394\n",
       "TBET   9:59:05 AM  2.1800   2  8.03  1121629\n",
       "       9:59:14 AM  2.1900   3  8.05  1124179\n",
       "XRA    9:58:08 AM  3.6167   3  0.12    42310"
      ]
     },
     "execution_count": 21,
     "metadata": {},
     "output_type": "execute_result"
    }
   ],
   "source": [
    "#option 2\n",
    "df.set_index(['Symbol', 'TimeStamp']).sort_index()"
   ]
  },
  {
   "cell_type": "code",
   "execution_count": 28,
   "metadata": {},
   "outputs": [
    {
     "data": {
      "text/html": [
       "<div>\n",
       "<style scoped>\n",
       "    .dataframe tbody tr th:only-of-type {\n",
       "        vertical-align: middle;\n",
       "    }\n",
       "\n",
       "    .dataframe tbody tr th {\n",
       "        vertical-align: top;\n",
       "    }\n",
       "\n",
       "    .dataframe thead th {\n",
       "        text-align: right;\n",
       "    }\n",
       "</style>\n",
       "<table border=\"1\" class=\"dataframe\">\n",
       "  <thead>\n",
       "    <tr style=\"text-align: right;\">\n",
       "      <th></th>\n",
       "      <th></th>\n",
       "      <th>0</th>\n",
       "      <th>1</th>\n",
       "      <th>2</th>\n",
       "      <th>3</th>\n",
       "      <th>4</th>\n",
       "    </tr>\n",
       "    <tr>\n",
       "      <th>Symbol</th>\n",
       "      <th>TimeStamp</th>\n",
       "      <th></th>\n",
       "      <th></th>\n",
       "      <th></th>\n",
       "      <th></th>\n",
       "      <th></th>\n",
       "    </tr>\n",
       "  </thead>\n",
       "  <tbody>\n",
       "    <tr>\n",
       "      <th>TBET</th>\n",
       "      <th>9:59:14 AM</th>\n",
       "      <td>2.19</td>\n",
       "      <td>3</td>\n",
       "      <td>8.05</td>\n",
       "      <td>1124179</td>\n",
       "      <td>9:59:14 AM</td>\n",
       "    </tr>\n",
       "    <tr>\n",
       "      <th>FUEL</th>\n",
       "      <th>9:59:11 AM</th>\n",
       "      <td>3.949</td>\n",
       "      <td>9</td>\n",
       "      <td>1.15</td>\n",
       "      <td>109674</td>\n",
       "      <td>9:59:11 AM</td>\n",
       "    </tr>\n",
       "    <tr>\n",
       "      <th>SUNH</th>\n",
       "      <th>9:59:09 AM</th>\n",
       "      <td>4.37</td>\n",
       "      <td>6</td>\n",
       "      <td>0.09</td>\n",
       "      <td>24394</td>\n",
       "      <td>9:59:09 AM</td>\n",
       "    </tr>\n",
       "    <tr>\n",
       "      <th>FUEL</th>\n",
       "      <th>9:59:09 AM</th>\n",
       "      <td>3.9099</td>\n",
       "      <td>8</td>\n",
       "      <td>1.11</td>\n",
       "      <td>105265</td>\n",
       "      <td>9:59:09 AM</td>\n",
       "    </tr>\n",
       "    <tr>\n",
       "      <th>TBET</th>\n",
       "      <th>9:59:05 AM</th>\n",
       "      <td>2.18</td>\n",
       "      <td>2</td>\n",
       "      <td>8.03</td>\n",
       "      <td>1121629</td>\n",
       "      <td>9:59:05 AM</td>\n",
       "    </tr>\n",
       "    <tr>\n",
       "      <th>ORBC</th>\n",
       "      <th>9:59:02 AM</th>\n",
       "      <td>3.4</td>\n",
       "      <td>2</td>\n",
       "      <td>0.22</td>\n",
       "      <td>10509</td>\n",
       "      <td>9:59:02 AM</td>\n",
       "    </tr>\n",
       "    <tr>\n",
       "      <th rowspan=\"2\" valign=\"top\">FUEL</th>\n",
       "      <th>9:58:47 AM</th>\n",
       "      <td>3.8599</td>\n",
       "      <td>7</td>\n",
       "      <td>1.07</td>\n",
       "      <td>102116</td>\n",
       "      <td>9:58:47 AM</td>\n",
       "    </tr>\n",
       "    <tr>\n",
       "      <th>9:58:40 AM</th>\n",
       "      <td>3.8544</td>\n",
       "      <td>6</td>\n",
       "      <td>1.05</td>\n",
       "      <td>100116</td>\n",
       "      <td>9:58:40 AM</td>\n",
       "    </tr>\n",
       "    <tr>\n",
       "      <th rowspan=\"2\" valign=\"top\">GBR</th>\n",
       "      <th>9:58:24 AM</th>\n",
       "      <td>3.83</td>\n",
       "      <td>4</td>\n",
       "      <td>0.46</td>\n",
       "      <td>64251</td>\n",
       "      <td>9:58:24 AM</td>\n",
       "    </tr>\n",
       "    <tr>\n",
       "      <th>9:58:20 AM</th>\n",
       "      <td>3.8</td>\n",
       "      <td>3</td>\n",
       "      <td>0.45</td>\n",
       "      <td>63211</td>\n",
       "      <td>9:58:20 AM</td>\n",
       "    </tr>\n",
       "    <tr>\n",
       "      <th>XRA</th>\n",
       "      <th>9:58:08 AM</th>\n",
       "      <td>3.6167</td>\n",
       "      <td>3</td>\n",
       "      <td>0.12</td>\n",
       "      <td>42310</td>\n",
       "      <td>9:58:08 AM</td>\n",
       "    </tr>\n",
       "    <tr>\n",
       "      <th>GBR</th>\n",
       "      <th>9:57:52 AM</th>\n",
       "      <td>3.75</td>\n",
       "      <td>2</td>\n",
       "      <td>0.34</td>\n",
       "      <td>47521</td>\n",
       "      <td>9:57:52 AM</td>\n",
       "    </tr>\n",
       "    <tr>\n",
       "      <th>MPET</th>\n",
       "      <th>9:57:52 AM</th>\n",
       "      <td>1.42</td>\n",
       "      <td>3</td>\n",
       "      <td>0.26</td>\n",
       "      <td>44600</td>\n",
       "      <td>9:57:52 AM</td>\n",
       "    </tr>\n",
       "  </tbody>\n",
       "</table>\n",
       "</div>"
      ],
      "text/plain": [
       "                        0  1     2        3           4\n",
       "Symbol TimeStamp                                       \n",
       "TBET   9:59:14 AM    2.19  3  8.05  1124179  9:59:14 AM\n",
       "FUEL   9:59:11 AM   3.949  9  1.15   109674  9:59:11 AM\n",
       "SUNH   9:59:09 AM    4.37  6  0.09    24394  9:59:09 AM\n",
       "FUEL   9:59:09 AM  3.9099  8  1.11   105265  9:59:09 AM\n",
       "TBET   9:59:05 AM    2.18  2  8.03  1121629  9:59:05 AM\n",
       "ORBC   9:59:02 AM     3.4  2  0.22    10509  9:59:02 AM\n",
       "FUEL   9:58:47 AM  3.8599  7  1.07   102116  9:58:47 AM\n",
       "       9:58:40 AM  3.8544  6  1.05   100116  9:58:40 AM\n",
       "GBR    9:58:24 AM    3.83  4  0.46    64251  9:58:24 AM\n",
       "       9:58:20 AM     3.8  3  0.45    63211  9:58:20 AM\n",
       "XRA    9:58:08 AM  3.6167  3  0.12    42310  9:58:08 AM\n",
       "GBR    9:57:52 AM    3.75  2  0.34    47521  9:57:52 AM\n",
       "MPET   9:57:52 AM    1.42  3  0.26    44600  9:57:52 AM"
      ]
     },
     "execution_count": 28,
     "metadata": {},
     "output_type": "execute_result"
    }
   ],
   "source": [
    "#option 3\n",
    "'''\n",
    "You can also construct a MultiIndex from a DataFrame directly, \n",
    "using the method MultiIndex.from_frame(). \n",
    "This is a complementary method to MultiIndex.to_frame().\n",
    "'''\n",
    "pd.DataFrame(df.loc[:,'Price':].to_numpy(), index = pd.MultiIndex.from_frame(df[['Symbol', 'TimeStamp']]))"
   ]
  },
  {
   "cell_type": "code",
   "execution_count": 31,
   "metadata": {},
   "outputs": [
    {
     "data": {
      "text/html": [
       "<div>\n",
       "<style scoped>\n",
       "    .dataframe tbody tr th:only-of-type {\n",
       "        vertical-align: middle;\n",
       "    }\n",
       "\n",
       "    .dataframe tbody tr th {\n",
       "        vertical-align: top;\n",
       "    }\n",
       "\n",
       "    .dataframe thead tr th {\n",
       "        text-align: left;\n",
       "    }\n",
       "</style>\n",
       "<table border=\"1\" class=\"dataframe\">\n",
       "  <thead>\n",
       "    <tr>\n",
       "      <th></th>\n",
       "      <th colspan=\"3\" halign=\"left\">A</th>\n",
       "      <th colspan=\"3\" halign=\"left\">B</th>\n",
       "    </tr>\n",
       "    <tr>\n",
       "      <th></th>\n",
       "      <th>A1</th>\n",
       "      <th>A2</th>\n",
       "      <th>A3</th>\n",
       "      <th>B1</th>\n",
       "      <th>B2</th>\n",
       "      <th>B3</th>\n",
       "    </tr>\n",
       "  </thead>\n",
       "  <tbody>\n",
       "    <tr>\n",
       "      <th>0</th>\n",
       "      <td>0</td>\n",
       "      <td>0</td>\n",
       "      <td>0</td>\n",
       "      <td>0</td>\n",
       "      <td>0</td>\n",
       "      <td>0</td>\n",
       "    </tr>\n",
       "  </tbody>\n",
       "</table>\n",
       "</div>"
      ],
      "text/plain": [
       "   A        B      \n",
       "  A1 A2 A3 B1 B2 B3\n",
       "0  0  0  0  0  0  0"
      ]
     },
     "execution_count": 31,
     "metadata": {},
     "output_type": "execute_result"
    }
   ],
   "source": [
    "df = pd.DataFrame(0, columns=['A1','A2','A3','B1','B2','B3'], index=[0])\n",
    "\n",
    "df.columns = [df.columns.str[0], df.columns]\n",
    "df"
   ]
  },
  {
   "cell_type": "code",
   "execution_count": 51,
   "metadata": {},
   "outputs": [],
   "source": [
    "def test(arg, *arg2, **arg3):\n",
    "    print( arg3)\n",
    "    for item in arg2:\n",
    "        print(item)"
   ]
  },
  {
   "cell_type": "code",
   "execution_count": 52,
   "metadata": {},
   "outputs": [
    {
     "ename": "TypeError",
     "evalue": "test() missing 1 required positional argument: 'arg'",
     "output_type": "error",
     "traceback": [
      "\u001b[0;31m---------------------------------------------------------------------------\u001b[0m",
      "\u001b[0;31mTypeError\u001b[0m                                 Traceback (most recent call last)",
      "\u001b[0;32m<ipython-input-52-ac242081569b>\u001b[0m in \u001b[0;36m<module>\u001b[0;34m\u001b[0m\n\u001b[0;32m----> 1\u001b[0;31m \u001b[0mtest\u001b[0m\u001b[0;34m(\u001b[0m\u001b[0marg3\u001b[0m \u001b[0;34m=\u001b[0m \u001b[0;36m1\u001b[0m\u001b[0;34m)\u001b[0m\u001b[0;34m\u001b[0m\u001b[0;34m\u001b[0m\u001b[0m\n\u001b[0m",
      "\u001b[0;31mTypeError\u001b[0m: test() missing 1 required positional argument: 'arg'"
     ]
    }
   ],
   "source": [
    "test(arg3 = 1)"
   ]
  }
 ],
 "metadata": {
  "kernelspec": {
   "display_name": "Python 3",
   "language": "python",
   "name": "python3"
  },
  "language_info": {
   "codemirror_mode": {
    "name": "ipython",
    "version": 3
   },
   "file_extension": ".py",
   "mimetype": "text/x-python",
   "name": "python",
   "nbconvert_exporter": "python",
   "pygments_lexer": "ipython3",
   "version": "3.8.3"
  }
 },
 "nbformat": 4,
 "nbformat_minor": 4
}
